011000000000000000000000000000
011000010000000000000000000001
011000100000000000000000000000
010000000000000000000000000000
010000010000000000000000000000
010000100000000000000000000000
010000110000000000000000000000
010001000000000000000000000000
010001010000000000000000000000
010001100000000000000000000000
010001110000000000000000000000
100000000000000000000001001110
010000110000000000000000000000
011000000000000000000110010010
001101100000000000000000000000
001000110111100000000000000000
011000000000000000001100010011
001101100010000000000000000000
001000110111100000000000000000
011000000000000000000011000001
001101100100000000000000000000
001000110111100000000000000000
010001110000111111110000000000
010001100000000000000000000000
100010000111100000000000000000
001110110111110000000000000000
100100000000000000000000000000
010001000000000000000000000000
011000000000000000000101100101
001101100000000000000000000000
001001001001100000000000000000
011000000000000000001010111110
001101100010000000000000000000
001001001001100000000000000000
011000000000000000000010101100
001101100100000000000000000000
001001001001100000000000000000
010001110000111111110000000000
010001100000000000000000000000
100010001001100000000000000000
001111001001110000000000000000
100100000000000000000000000000
010001010000000000000000000000
011000000000000000000100010110
001101100000000000000000000000
001001011011100000000000000000
011000000000000000001000100010
001101100010000000000000000000
001001011011100000000000000000
011000000000000000000010000110
001101100100000000000000000000
001001011011100000000000000000
010001110000111111110000000000
010001100000000000000000000000
100010001011100000000000000000
001111011011110000000000000000
100100000000000000000000000000
100000000000000000000001101010
010000110000000000000000000000
011000000000000000000100110011
001101100000000000000000000000
001000110111100000000000000000
011000000000000000001001011100
001101100010000000000000000000
001000110111100000000000000000
011000000000000000000001110000
001101100100000000000000000000
001000110111100000000000000000
001111000000110000000000000000
001111010000110000000000000000
100000000000000000000001101010
010000110000111111110000000000
001010110110000000000000000000
010001000000111111110000000000
001011001000010000000000000000
010001010000111111110000000000
001011011010100000000000000000
100000000000000000000001101010
011000010000000000000000000000
011000100000000000000000000000
100000000000000000000001010001
011001000000000000011111010000
011001010000000000011111010000
010101011011000000000000000000
011001000000000000001100100000
010100001001010000000000000000
011010000100000000000000000000
011100000000000000000001111111
000100000100000000000000000000
011000000000000000000000000001
010100100100000000000000000000
000100010100000000000000000000
011000000000000000000000000001
010100100100000000000000000000
000100100100000000000000000000
011000000000000000000000000001
010100100100000000000000000000
011001010000000000000000000000
011001100000000000000000000001
011001110000000000000000000010
011010000011010000000000000000
011110000000000000000000001100
011010000011100000000000000000
011110000000000000000000111010
011010000011110000000000000000
011110000000000000000001000111
011000000000000000000000000011
010110100100000000000000000000
011001110000000001001011000000
010101111110100000000000000000
000010001110110000000000000000
010010001110000000000000000000
011000000000000000000000000001
010100100100000000000000000000
011001110000000001001011000000
010101111110100000000000000000
000010001111000000000000000000
010010001110000000000000000000
011000000000000000000000000001
010100100100000000000000000000
011001110000000001001011000000
010101111110100000000000000000
000010001111010000000000000000
010010001110000000000000000000
011000000000000000000000000001
010100100100000000000000000000
100000000000000000000001010001
011000000000000000000000000000
