00010000100000000000000011111111
00010001000000000000000000110010
00010001100000000000000000010100
00010010000000000000000000110010
00010101000000000000000000000001
00110010100010000000000111100001
00110010001000000000000001100100
001010110101001000000
00010011100000000000000000000000
00010100000000000000000000000000
00010110000000000000000000000000
01010010100000000000000000000000
0101100000000
01010011100000000000000111100000
0101100000000
01010100000000000000000001010000
0101100000000
10000000111000000
111000001000101100000
00111101101000000000000000000000
101000001000110110000
001001000100010100000
001001100110011000000
0101000000000
001000111011110100000
001010001000101010000
00010100000000000000000000000000
0101000000000
